-855.245594558452
-945.486601315572
-1016.71059912432
-1095.54849133713
-1176.59142947315
-1255.76054854910
-1330.11968157853
-1397.69204599442
-1457.28708786173
-1508.34165058252
-1550.77797980164
-1584.87975532781
-1611.18631872434
-1630.40450390703
-1643.33693936101
-1650.82533743699
-1653.70708396565
-1652.78335861132
-1648.79702498836
-1642.41860532422
-1634.23877680993
-1624.76597871571
-1614.42788713725
-1603.57568711487
-1592.49024168805
-1581.38941831858
-1570.43598103658
-1559.74558919576
-1549.39455966828
-1539.42714843923
-1529.86219036640
-1520.69900336332
-1511.92251678745
-1503.50762491812
-1495.42279672064
-1487.63299424215
-1480.10196553686
-1472.79398542615
-1465.67511997900
-1458.71408951220
-1451.88280115949
-1445.15661648980
-1438.51441296195
-1431.93849074501
-1425.41436904348
-1418.93050887084
-1412.47799244601
-1406.05018320083
-1399.64238487296
-1393.25151336034
-1386.87579093137
-1380.51446899294
-1374.16758286994
-1367.83573988430
-1361.51994037208
-1355.22143007336
-1348.94158150294
-1342.68180139330
-1336.44346103505
-1330.22784626814
-1324.03612395250
-1317.86932192686
-1311.72831971587
-1305.61384753898
-1299.52649148740
-1293.46670305096
-1287.43481148090
-1281.43103775892
-1275.45550920168
-1269.50827395854
-1263.58931485893
-1257.69856223383
-1251.83590547412
-1246.00120320087
-1240.19429200975
-1234.41499381791
-1228.66312188949
-1222.93848564781
-1217.24089440209
-1211.57016012571
-1205.92609942463
-1200.30853483018
-1194.71729554199
-1189.15221773564
-1183.61314453651
-1178.09992574837
-1172.61241741129
-1167.15048125096
-1161.71398406942
-1156.30279711638
-1150.91679547110
-1145.55585745596
-1140.21986409691
-1134.90869863927
-1129.62224612364
-1124.36039302275
-1119.12302693747
-1113.91003634849
-1108.72131041859
-1103.55673884024
-1098.41621172235
-1093.29961951039
-1088.20685293421
-1083.13780297822
-1078.09236086923
-1073.07041807765
-1068.07186632847
-1063.09659761888
-1058.14450424008
-1053.21547880114
-1048.30941425343
-1043.42620391439
-1038.56574148970
-1033.72792109351
-1028.91263726609
-1024.11978498905
-1019.34925969783
-1014.60095729184
-1009.87477414218
-1005.17060709726
-1000.48835348663
-995.827911123060
-991.189178303441
-986.572053808395
-981.976436901079
-977.402227325283
-972.849325302963
-968.317631531437
-963.807047180311
-959.317473888273
-954.848813759802
-950.400969361906
-945.973843720892
-941.567340319216
-937.181363092442
-932.815816426319
-928.470605153962
-924.145634553179
-919.840810343904
-915.556038685723
-911.291226175514
-907.046279845167
-902.821107159386
-898.615616013553
-894.429714731649
-890.263312064219
-886.116317186378
-881.988639695844
-877.880189611000
-873.790877368967
-869.720613823709
-865.669310244130
-861.636878312188
-857.623230121018
-853.628278173061
-849.651935378195
-845.694115051873
-841.754730913248
-837.833697083342
-833.930928083174
-830.046338831927
-826.179844645092
-822.331361232651
-818.500804697225
-814.688091532262
-810.893138620214
-807.115863230737
-803.356183018872
-799.614016023261
-795.889280664350
-792.181895742614
-788.491780436787
-784.818854302092
-781.163037268490
-777.524249638932
-773.902412087613
-770.297445658250
-766.709271762360
-763.137812177533
-759.582989045741
-756.044724871628
-752.522942520826
-749.017565218273
-745.528516546537
-742.055720444148
-738.599101203947
-735.158583471430
-731.734092243102
-728.325552864852
-724.932891030312
-721.556032779250
-718.194904495951
-714.849432907614
-711.519545082751
-708.205168429605
-704.906230694562
-701.622659960573
-698.354384645597
-695.101333501026
-691.863435610147
-688.640620386584
-685.432817572769
-682.239957238397
-679.061969778919
-675.898785914012
-672.750336686068
-669.616553458703
-666.497367915245
-663.392712057261
-660.302518203053
-657.226718986214
-654.165247354124
-651.118036566514
-648.085020194001
-645.066132116640
-642.061306522484
-639.070477906146
-636.093581067382
-633.130551109651
-630.181323438722
-627.245833761244
-624.324018083364
-621.415812709314
-618.521154240044
-615.639979571814
-612.772225894837
-609.917830691909
-607.076731737034
-604.248867094080
-601.434175115423
-598.632594440604
-595.844063994989
-593.068522988440
-590.305910913991
-587.556167546529
-584.819232941476
-582.095047433489
-579.383551635156
-576.684686435696
-573.998392999683
-571.324612765751
-568.663287445325
-566.014359021349
-563.377769747018
-560.753462144518
-558.141379003784
-555.541463381243
-552.953658598564
-550.377908241450
-547.814156158380
-545.262346459398
-542.722423514894
-540.194331954390
-537.678016665332
-535.173422791888
-532.680495733757
-530.199181144974
-527.729424932726
-525.271173256176
-522.824372525281
-520.388969399631
-517.964910787287
-515.552143843620
-513.150615970161
-510.760274813451
-508.381068263906
-506.012944454672
-503.655851760501
-501.309738796627
-498.974554417641
-496.650247716379
-494.336768022807
-492.034064902922
-489.742088157652
-487.460787821764
-485.190114162762
-482.930017679823
-480.680449102700
-478.441359390658
-476.212699731402
-473.994421540010
-471.786476457880
-469.588816351668
-467.401393312248
-465.224159653661
-463.057067912077
-460.900070844759
-458.753121429035
-456.616172861276
-454.489178555866
-452.372092144198
-450.264867473652
-448.167458606600
-446.079819819399
-444.001905601388
-441.933670653909
-439.875069889310
-437.826058429965
-435.786591607294
-433.756624960794
-431.736114237065
-429.725015388844
-427.723284574049
-425.730878154824
-423.747752696584
-421.773864967069
-419.809171935401
-417.853630771150
-415.907198843395
-413.969833719797
-412.041493165674
-410.122135143082
-408.211717809893
-406.310199518891
-404.417538816855
-402.533694443661
-400.658625331386
-398.792290603403
-396.934649573498
-395.085661744981
-393.245286809798
-391.413484647661
-389.590215325168
-387.775439094930
-385.969116394715
-384.171207846569
-382.381674255975
-380.600476610986
-378.827576081382
-377.062934017818
-375.306511950987
-373.558271590776
-371.818174825434
-370.086183720743
-368.362260519185
-366.646367639127
-364.938467673996
-363.238523391463
-361.546497732637
-359.862353811251
-358.186054912858
-356.517564494039
-354.856846181598
-353.203863771766
-351.558581229426
-349.920962687312
-348.290972445236
-346.668574969308
-345.053734891162
-343.446417007179
-341.846586277726
-340.254207826395
-338.669246939233
-337.091669063991
-335.521439809374
-333.958524944282
-332.402890397073
-330.854502254815
-329.313326762548
-327.779330322549
-326.252479493596
-324.732740990244
-323.220081682100
-321.714468593092
-320.215868900759
-318.724249935534
-317.239579180029
-315.761824268324
-314.290952985270
-312.826933265779
-311.369733194128
-309.919321003262
-308.475665074105
-307.038733934861
-305.608496260345
-304.184920871280
-302.767976733634
-301.357632957936
-299.953858798600
-298.556623653260
-297.165897062100
-295.781648707191
-294.403848411833
-293.032466139889
-291.667471995139
-290.308836220625
-288.956529197998
-287.610521446880
-286.270783624216
-284.937286523635
-283.610001074815
-282.288898342848
-280.973949527612
-279.665125963137
-278.362399116986
-277.065740589630
-275.775122113832
-274.490515554025
-273.211892905703
-271.939226294811
-270.672487977136
-269.411650337703
-268.156685890168
-266.907567276227
-265.664267265013
-264.426758752507
-263.195014760944
-261.969008438226
-260.748713057337
-259.534102015759
-258.325148834893
-257.121827159482
-255.924110757038
-254.731973517264
-253.545389451494
-252.364332692117
-251.188777492021
-250.018698224027
-248.854069380332
-247.694865571952
-246.541061528170
-245.392632095983
-244.249552239556
-243.111797039675
-241.979341693203
-240.852161512541
-239.730231925089
-238.613528472709
-237.502026811193
-236.395702709735
-235.294532050397
-234.198490827588
-233.107555147539
-232.021701227782
-230.940905396631
-229.865144092669
-228.794393864228
-227.728631368886
-226.667833372951
-225.611976750957
-224.561038485164
-223.514995665049
-222.473825486811
-221.437505252872
-220.406012371385
-219.379324355739
-218.357418824067
-217.340273498764
-216.327866205996
-215.320174875218
-214.317177538695
-213.318852331019
-212.325177488638
-211.336131349374
-210.351692351958
-209.371839035556
-208.396550039304
-207.425804101838
-206.459580060832
-205.497856852541
-204.540613511336
-203.587829169250
-202.639483055525
-201.695554496151
-200.756022913426
-199.820867825501
-198.890068845935
-197.963605683247
-197.041458140482
-196.123606114764
-195.210029596858
-194.300708670739
-193.395623513150
-192.494754393176
-191.598081671813
-190.705585801537
-189.817247325880
-188.933046879004
-188.052965185284
-187.176983058881
-186.305081403328
-185.437241211111
-184.573443563259
-183.713669628927
-182.857900664986
-182.006118015618
-181.158303111906
-180.314437471429
-179.474502697863
-178.638480480573
-177.806352594222
-176.978100898367
-176.153707337068
-175.333153938491
-174.516422814519
-173.703496160360
-172.894356254160
-172.088985456618
-171.287366210595
-170.489481040740
-169.695312553106
-168.904843434767
-168.118056453445
-167.334934457132
-166.555460373718
-165.779617210617
-165.007388054397
-164.238756070412
-163.473704502435
-162.712216672291
-161.954275979497
-161.199865900896
-160.448969990298
-159.701571878124
-158.957655271045
-158.217203951632
-157.480201777998
-156.746632683446
-156.016480676123
-155.289729838667
-154.566364327862
-153.846368374293
-153.129726282001
-152.416422428141
-151.706441262643
-150.999767307871
-150.296385158286
-149.596279480112
-148.899435010998
-148.205836559689
-147.515469005694
-146.828317298955
-146.144366459520
-145.463601577215
-144.786007811322
-144.111570390252
-143.440274611225
-142.772105839949
-142.107049510301
-141.445091124009
-140.786216250337
-140.130410525770
-139.477659653699
-138.827949404113
-138.181265613286
-137.537594183468
-136.896921082580
-136.259232343907
-135.624514065792
-134.992752411334
-134.363933608089
-133.738043947764
-133.115069785925
-132.494997541693
-131.877813697453
-131.263504798555
-130.652057453028
-130.043458331275
-129.437694165799
-128.834751750899
-128.234617942392
-127.637279657321
-127.042723873671
-126.450937630088
-125.861908025593
-125.275622219300
-124.692067430142
-124.111230936585
-123.533100076355
-122.957662246162
-122.384904901422
-121.814815555988
-121.247381781875
-120.682591208988
-120.120431524856
-119.560890474361
-119.003955859471
-118.449615538973
-117.897857428214
-117.348669498830
-116.802039778487
-116.257956350621
-115.716407354177
-115.177380983353
-114.640865487336
-114.106849170055
-113.575320389918
-113.046267559561
-112.519679145599
-111.995543668369
-111.473849701684
-110.954585872579
-110.437740861070
-109.923303399900
-109.411262274300
-108.901606321737
-108.394324431680
-107.889405545349
-107.386838655479
-106.886612806077
-106.388717092189
-105.893140659654
-105.399872704873
-104.908902474572
-104.420219265567
-103.933812424532
-103.449671347766
-102.967785480960
-102.488144318970
-102.010737405589
-101.535554333312
-101.062584743118
-100.591818324239
-100.123244813934
-99.6568539972709
-99.1926357068978
-98.7305798228257
-98.2706762722052
-97.8129150291090
-97.3572861143108
-96.9037795950702
-96.4523855849146
-96.0030942434248
-95.5558957760196
-95.1107804337429
-94.6677385130502
-94.2267603555983
-93.7878363480340
-93.3509569217850
-92.9161125528500
-92.4832937615934
-92.0524911125361
-91.6236952141522
-91.1968967186620
-90.7720863218301
-90.3492547627614
-89.9283928236996
-89.5094913298267
-89.0925411490617
-88.6775331918630
-88.2644584110292
-87.8533078015029
-87.4440724001730
-87.0367432856807
-86.6313115782236
-86.2277684393638
-85.8261050718339
-85.4263127193456
-85.0283826663990
-84.6323062380920
-84.2380747999321
-83.8456797576476
-83.4551125570004
-83.0663646835993
-82.6794276627147
-82.2942930590934
-81.9109524767753
-81.5293975589099
-81.1496199875750
-80.7716114835937
-80.3953638063553
-80.0208687536351
-79.6481181614159
-79.2771039037100
-78.9078178923816
-78.5402520769707
-78.1743984445183
-77.8102490193902
-77.4477958631051
-77.0870310741591
-76.7279467878561
-76.3705351761341
-76.0147884473963
-75.6606988463403
-75.3082586537887
-74.9574601865215
-74.6082957971090
-74.2607578737434
-73.9148388400751
-73.5705311550454
-73.2278273127240
-72.8867198421441
-72.5472013071400
-72.2092643061845
-71.8729014722287
-71.5381054725397
-71.2048690085422
-70.8731848156591
-70.5430456631528
-70.2144443539672
-69.8873737245718
-69.5618266448048
-69.2377960177180
-68.9152747794219
-68.5942558989312
-68.2747323780134
-67.9566972510336
-67.6401435848051
-67.3250644784363
-67.0114530631812
-66.6993025022903
-66.3886059908604
-66.0793567556863
-65.7715480551137
-65.4651731788922
-65.1602254480290
-64.8566982146425
-64.5545848618189
-64.2538788034667
-63.9545734841735
-63.6566623790625
-63.3601389936525
-63.0649968637129
-62.7712295551255
-62.4788306637433
-62.1877938152505
-61.8981126650245
-61.6097808979959
-61.3227922285132
-61.0371404002037
-60.7528191858385
-60.4698223871956
-60.1881438349254
-59.9077773884169
-59.6287169356623
-59.3509563931247
-59.0744897056059
-58.7993108461129
-58.5254138157282
-58.2527926434777
-57.9814413862015
-57.7113541284238
-57.4425249822242
-57.1749480871088
-56.9086176098834
-56.6435277445251
-56.3796727120574
-56.1170467604222
-55.8556441643563
-55.5954592252649
-55.3364862710990
-55.0787196562304
-54.8221537613296
-54.5667829932426
-54.3126017848691
-54.0596045950417
-53.8077859084042
-53.5571402352921
-53.3076621116131
-53.0593460987266
-52.8121867833270
-52.5661787773241
-52.3213167177271
-52.0775952665260
-51.8350091105769
-51.5935529614848
-51.3532215554893
-51.1140096533493
-50.8759120402291
-50.6389235255845
-50.4030389430496
-50.1682531503246
-49.9345610290631
-49.7019574847610
-49.4704374466450
-49.2399958675626
-49.0106277238718
-48.7823280153311
-48.5550917649915
-48.3289140190871
-48.1037898469274
-47.8797143407905
-47.6566826158148
-47.4346898098937
-47.2137310835687
-46.9938016199245
-46.7748966244838
-46.5570113251027
-46.3401409718667
-46.1242808369872
-45.9094262146988
-45.6955724211557
-45.4827147943307
-45.2708486939131
-45.0599695012073
-44.8500726190323
-44.6411534716220
-44.4332075045244
-44.2262301845032
-44.0202169994388
-43.8151634582295
-43.6110650906943
-43.4079174474747
-43.2057160999381
-43.0044566400811
-42.8041346804340
-42.6047458539641
-42.4062858139814
-42.2087502340435
-42.0121348078610
-41.8164352492041
-41.6216472918092
-41.4277666892854
-41.2347892150222
-41.0427106620974
-40.8515268431854
-40.6612335904659
-40.4718267555327
-40.2833022093039
-40.0956558419314
-39.9088835627115
-39.7229812999956
-39.5379450011018
-39.3537706322257
-39.1704541783539
-38.9879916431746
-38.8063790489923
-38.6256124366398
-38.4456878653927
-38.2666014128826
-38.0883491750128
-37.9109272658720
-37.7343318176506
-37.5585589805557
-37.3836049227272
-37.2094658301545
-37.0361379065935
-36.8636173734835
-36.6919004698648
-36.5209834522974
-36.3508625947783
-36.1815341886611
-36.0129945425750
-35.8452399823439
-35.6782668509069
-35.5120715082382
-35.3466503312678
-35.1819997138025
-35.0181160664479
-34.8549958165287
-34.6926354080124
-34.5310313014310
-34.3701799738036
-34.2100779185602
-34.0507216454650
-33.8921076805402
-33.7342325659902
-33.5770928601267
-33.4206851372935
-33.2650059877910
-33.1100520178033
-32.9558198493230
-32.8023061200782
-32.6495074834589
-32.4974206084442
-32.3460421795298
-32.1953688966553
-32.0453974751330
-31.8961246455753
-31.7475471538241
-31.5996617608800
-31.4524652428310
-31.3059543907827
-31.1601260107886
-31.0149769237797
-30.8705039654961
-30.7267039864169
-30.5835738516930
-30.4411104410773
-30.2993106488577
-30.1581713837886
-30.0176895690246
-29.8778621420521
-29.7386860546238
-29.6001582726909
-29.4622757763385
-29.3250355597183
-29.1884346309841
-29.0524700122263
-28.9171387394067
-28.7824378622941
-28.6483644444000
-28.5149155629146
-28.3820883086429
-28.2498797859416
-28.1182871126558
-27.9873074200559
-27.8569378527755
-27.7271755687490
-27.5980177391496
-27.4694615483276
-27.3415041937491
-27.2141428859348
-27.0873748483993
-26.9611973175906
-26.8356075428296
-26.7106027862507
-26.5861803227413
-26.4623374398829
-26.3390714378922
-26.2163796295617
-26.0942593402016
-25.9727079075807
-25.8517226818695
-25.7313010255817
-25.6114403135167
-25.4921379327027
-25.3733912823394
-25.2551977737414
-25.1375548302821
-25.0204598873370
-24.9039103922282
-24.7879038041687
-24.6724375942066
-24.5575092451705
-24.4431162516144
-24.3292561197630
-24.2159263674575
-24.1031245241012
-23.9908481306061
-23.8790947393392
-23.7678619140684
-23.6571472299105
-23.5469482732776
-23.4372626418248
-23.3280879443975
-23.2194218009797
-23.1112618426419
-23.0036057114894
-22.8964510606109
-22.7897955540277
-22.6836368666421
-22.5779726841873
-22.4728007031767
-22.3681186308538
-22.2639241851421
-22.1602150945953
-22.0569890983479
-21.9542439460661
-21.8519773978983
-21.7501872244264
-21.6488712066177
-21.5480271357757
-21.4476528134927
-21.3477460516013
-21.2483046721273
-21.1493265072414
-21.0508093992127
-20.9527512003614
-20.8551497730118
-20.7580029894460
-20.6613087318571
-20.5650648923036
-20.4692693726630
-20.3739200845863
-20.2790149494523
-20.1845518983222
-20.0905288718951
-19.9969438204622
-19.9037947038628
-19.8110794914397
-19.7187961619947
-19.6269427037446
-19.5355171142777
-19.4445174005096
-19.3539415786401
-19.2637876741100
-19.1740537215576
-19.0847377647767
-18.9958378566729
-18.9073520592220
-18.8192784434274
-18.7316150892781
-18.6443600857068
-18.5575115305481
-18.4710675304975
-18.3850262010696
-18.2993856665574
-18.2141440599913
-18.1292995230980
-18.0448502062608
-17.9607942684786
-17.8771298773259
-17.7938552089132
-17.7109684478468
-17.6284677871895
-17.5463514284208
-17.4646175813985
-17.3832644643189
-17.3022903036782
-17.2216933342341
-17.1414717989668
-17.0616239490412
-16.9821480437686
-16.9030423505686
-16.8243051449314
-16.7459347103805
-16.6679293384347
-16.5902873285716
-16.5130069881895