-862.487117541761
-944.565526658153
-1010.27370701613
-1083.85113018336
-1160.44425016261
-1236.30153485290
-1308.63196242318
-1375.46476481991
-1435.51506519584
-1488.05869203412
-1532.81831195384
-1569.86209042044
-1599.51534607327
-1622.28508933260
-1638.79690778398
-1649.74335815922
-1655.84282702820
-1657.80771046335
-1656.32071953929
-1652.01812809282
-1645.47882818290
-1637.21813561183
-1627.68538303876
-1617.26444373168
-1606.27643856408
-1594.98398758643
-1583.59647175959
-1572.27586764981
-1561.14280637264
-1550.28258687623
-1539.75094239777
-1529.57941768288
-1519.78026373305
-1510.35079708641
-1501.27720274219
-1492.53778469750
-1484.10568660040
-1475.95111815378
-1468.04313150935
-1460.35099679283
-1452.84522784672
-1445.49830893355
-1438.28517109094
-1431.18346356704
-1424.17366170941
-1417.23904816969
-1410.36559959628
-1403.54180632547
-1396.75844810751
-1390.00834472840
-1383.28609658454
-1376.58782687752
-1369.91093413750
-1363.25386125235
-1356.61588506044
-1349.99692882862
-1343.39739855091
-1336.81804292889
-1330.25983609223
-1323.72388154852
-1317.21133547671
-1310.72334726431
-1304.26101510072
-1297.82535445167
-1291.41727732477
-1285.03758037536
-1278.68694007384
-1272.36591334917
-1266.07494232351
-1259.81436195303
-1253.58440958202
-1247.38523559655
-1241.21691452757
-1235.07945609926
-1228.97281584539
-1222.89690502611
-1216.85159966827
-1210.83674862786
-1204.85218063256
-1198.89771030905
-1192.97314323457
-1187.07828007657
-1181.21291990100
-1175.37686273876
-1169.56991150427
-1163.79187335907
-1158.04256061038
-1152.32179122833
-1146.62938905823
-1140.96518379631
-1135.32901078821
-1129.72071070160
-1124.14012911546
-1118.58711606130
-1113.06152554431
-1107.56321506619
-1102.09204516613
-1096.64787899139
-1091.23058190528
-1085.84002113692
-1080.47606547470
-1075.13858500325
-1069.82745088237
-1064.54253516504
-1059.28371065125
-1054.05085077375
-1048.84382951169
-1043.66252132816
-1038.50680112784
-1033.37654423108
-1028.27162636117
-1023.19192364185
-1018.13731260249
-1013.10767018882
-1008.10287377719
-1003.12280119102
-998.167330718157
-993.236341128181
-988.329711688981
-983.447322182085
-978.589052916432
-973.754784740340
-968.944399051662
-964.157777806037
-959.394803523416
-954.655359292871
-949.939328775922
-945.246596208476
-940.577046401592
-935.930564741234
-931.307037187168
-926.706350271163
-922.128391094636
-917.573047325886
-913.040207196977
-908.529759500425
-904.041593585739
-899.575599355865
-895.131667263620
-890.709688308139
-886.309554031353
-881.931156514553
-877.574388375024
-873.239142762763
-868.925313357305
-864.632794364626
-860.361480514145
-856.111267055820
-851.882049757292
-847.673724901143
-843.486189282184
-839.319340204807
-835.173075480414
-831.047293424841
-826.941892855859
-822.856773090693
-818.791833943566
-814.746975723258
-810.722099230704
-806.717105756592
-802.731897078979
-798.766375460918
-794.820443648103
-790.894004866506
-786.986962820048
-783.099221688258
-779.230686123944
-775.381261250886
-771.550852661512
-767.739366414616
-763.946709033039
-760.172787501412
-756.417509263871
-752.680782221783
-748.962514731507
-745.262615602137
-741.580994093268
-737.917559912775
-734.272223214597
-730.644894596523
-727.035485098014
-723.443906198007
-719.870069812747
-716.313888293627
-712.775274425036
-709.254141422213
-705.750402929125
-702.263973016345
-698.794766178941
-695.342697334381
-691.907681820449
-688.489635393155
-685.088474224685
-681.704114901334
-678.336474421462
-674.985470193464
-671.651020033734
-668.333042164660
-665.031455212607
-661.746178205935
-658.477130572999
-655.224232140185
-651.987403129935
-648.766564158800
-645.561636235475
-642.372540758889
-639.199199516250
-636.041534681142
-632.899468811622
-629.772924848306
-626.661826112481
-623.566096304237
-620.485659500589
-617.420440153607
-614.370363088571
-611.335353502131
-608.315336960466
-605.310239397461
-602.319987112888
-599.344506770599
-596.383725396733
-593.437570377922
-590.505969459508
-587.588850743770
-584.686142688172
-581.797774103596
-578.923674152599
-576.063772347680
-573.217998549549
-570.386282965403
-567.568556147220
-564.764748990053
-561.974792730335
-559.198618944197
-556.436159545780
-553.687346785575
-550.952113248755
-548.230391853528
-545.522115849485
-542.827218815969
-540.145634660440
-537.477297616857
-534.822142244070
-532.180103424205
-529.551116361079
-526.935116578594
-524.332039919173
-521.741822542181
-519.164400922354
-516.599711848244
-514.047692420673
-511.508280051184
-508.981412460510
-506.467027677047
-503.965064035331
-501.475460174526
-498.998155036923
-496.533087866437
-494.080198207125
-491.639425901693
-489.210711090029
-486.793994207731
-484.389215984647
-481.996317443421
-479.615239898049
-477.245924952435
-474.888314498962
-472.542350717069
-470.207976071826
-467.885133312530
-465.573765471299
-463.273815861673
-460.985228077224
-458.707945990175
-456.441913750023
-454.187075782165
-451.943376786543
-449.710761736277
-447.489175876326
-445.278564722139
-443.078874058320
-440.890049937300
-438.712038678013
-436.544786864576
-434.388241344986
-432.242349229812
-430.107057890895
-427.982314960063
-425.868068327847
-423.764266142195
-421.670856807210
-419.587788981880
-417.515011578817
-415.452473763010
-413.400124950569
-411.357914807494
-409.325793248436
-407.303710435469
-405.291616776867
-403.289462925890
-401.297199779572
-399.314778477517
-397.342150400701
-395.379267170279
-393.426080646399
-391.482542927023
-389.548606346750
-387.624223475645
-385.709347118082
-383.803930311581
-381.907926325658
-380.021288660680
-378.143971046723
-376.275927442438
-374.417112033921
-372.567479233590
-370.726983679071
-368.895580232076
-367.073223977304
-365.259870221338
-363.455474491546
-361.659992534994
-359.873380317356
-358.095594021842
-356.326590048113
-354.566325011221
-352.814755740536
-351.071839278699
-349.337532880557
-347.611794012122
-345.894580349522
-344.185849777969
-342.485560390724
-340.793670488065
-339.110138576271
-337.434923366600
-335.767983774279
-334.109278917493
-332.458768116387
-330.816410892063
-329.182166965592
-327.555996257023
-325.937858884402
-324.327715162793
-322.725525603305
-321.131250912123
-319.544851989546
-317.966289929025
-316.395526016209
-314.832521728002
-313.277238731608
-311.729638883600
-310.189684228981
-308.657337000249
-307.132559616477
-305.615314682391
-304.105564987447
-302.603273504925
-301.108403391017
-299.620917983925
-298.140780802960
-296.667955547652
-295.202406096853
-293.744096507857
-292.292991015514
-290.849054031358
-289.412250142728
-287.982544111903
-286.559900875242
-285.144285542312
-283.735663395046
-282.333999886882
-280.939260641921
-279.551411454080
-278.170418286258
-276.796247269495
-275.428864702148
-274.068237049059
-272.714330940736
-271.367113172531
-270.026550703832
-268.692610657244
-267.365260317791
-266.044467132108
-264.730198707647
-263.422422811877
-262.121107371498
-260.826220471656
-259.537730355152
-258.255605421672
-256.979814227009
-255.710325482290
-254.447108053210
-253.190130959269
-251.939363373012
-250.694774619272
-249.456334174417
-248.224011665606
-246.997776870037
-245.777599714213
-244.563450273198
-243.355298769888
-242.153115574279
-240.956871202739
-239.766536317287
-238.582081724873
-237.403478376659
-236.230697367313
-235.063709934292
-233.902487457145
-232.747001456804
-231.597223594891
-230.453125673018
-229.314679632098
-228.181857551660
-227.054631649156
-225.932974279290
-224.816857933330
-223.706255238441
-222.601138957011
-221.501481985980
-220.407257356179
-219.318438231668
-218.234997909078
-217.156909816955
-216.084147515108
-215.016684693962
-213.954495173912
-212.897552904682
-211.845831964683
-210.799306560383
-209.757951025667
-208.721739821214
-207.690647533866
-206.664648876010
-205.643718684951
-204.627831922300
-203.616963673359
-202.611089146510
-201.610183672605
-200.614222704362
-199.623181815764
-198.637036701461
-197.655763176169
-196.679337174081
-195.707734748279
-194.740932070139
-193.778905428753
-192.821631230346
-191.869085997698
-190.921246369565
-189.978089100110
-189.039591058330
-188.105729227491
-187.176480704562
-186.251822699651
-185.331732535455
-184.416187646692
-183.505165579554
-182.598643991158
-181.696600648994
-180.799013430381
-179.905860321925
-179.017119418979
-178.132768925107
-177.252787151546
-176.377152516677
-175.505843545495
-174.638838869081
-173.776117224082
-172.917657452184
-172.063438499597
-171.213439416536
-170.367639356710
-169.526017576810
-168.688553435997
-167.855226395400
-167.026016017612
-166.200901966185
-165.379864005136
-164.562881998446
-163.749935909569
-162.941005800942
-162.136071833492
-161.335114266154
-160.538113455383
-159.745049854673
-158.955904014081
-158.170656579744
-157.389288293411
-156.611779991964
-155.838112606955
-155.068267164131
-154.302224782976
-153.539966676241
-152.781474149490
-152.026728600635
-151.275711519485
-150.528404487288
-149.784789176284
-149.044847349251
-148.308560859059
-147.575911648225
-146.846881748474
-146.121453280290
-145.399608452487
-144.681329561763
-143.966598992276
-143.255399215204
-142.547712788318
-141.843522355555
-141.142810646591
-140.445560476418
-139.751754744923
-139.061376436467
-138.374408619470
-137.690834445993
-137.010637151329
-136.333800053586
-135.660306553283
-134.990140132941
-134.323284356677
-133.659722869803
-132.999439398421
-132.342417749031
-131.688641808125
-131.038095541800
-130.390762995357
-129.746628292917
-129.105675637028
-128.467889308275
-127.833253664901
-127.201753142418
-126.573372253227
-125.948095586240
-125.325907806497
-124.706793654796
-124.090737947315
-123.477725575241
-122.867741504397
-122.260770774879
-121.656798500682
-121.055809869340
-120.457790141561
-119.862724650865
-119.270598803225
-118.681398076709
-118.095108021124
-117.511714257662
-116.931202478546
-116.353558446679
-115.778767995298
-115.206817027622
-114.637691516510
-114.071377504114
-113.507861101541
-112.947128488507
-112.389165913001
-111.833959690948
-111.281496205874
-110.731761908567
-110.184743316753
-109.640427014758
-109.098799653183
-108.559847948575
-108.023558683102
-107.489918704228
-106.958914924391
-106.430534320683
-105.904763934529
-105.381590871369
-104.861002300344
-104.342985453977
-103.827527627867
-103.314616180370
-102.804238532293
-102.296382166585
-101.791034628029
-101.288183522937
-100.787816518848
-100.289921344221
-99.7944857881391
-99.3014977000066
-98.8109449892527
-98.3228156250336
-97.8370976359389
-97.3537791096973
-96.8728481928843
-96.3942930906318
-95.9181020663389
-95.4442634413834
-94.9727655948365
-94.5035969631764
-94.0367460400062
-93.5722013757707
-93.1099515774756
-92.6499853084088
-92.1922912878616
-91.7368582908525
-91.2836751478520
-90.8327307445079
-90.3840140213735
-89.9375139736364
-89.4932196508481
-89.0511201566553
-88.6112046485340
-88.1734623375215
-87.7378824879537
-87.3044544172003
-86.8731674954045
-86.4440111452205
-86.0169748415552
-85.5920481113100
-85.1692205331236
-84.7484817371162
-84.3298214046362
-83.9132292680064
-83.4986951102717
-83.0862087649495
-82.6757601157794
-82.2673390964768
-81.8609356904839
-81.4565399307254
-81.0541418993631
-80.6537317275540
-80.2552995952073
-79.8588357307436
-79.4643304108552
-79.0717739602685
-78.6811567515056
-78.2924692046485
-77.9057017871048
-77.5208450133733
-77.1378894448110
-76.7568256894025
-76.3776444015292
-76.0003362817402
-75.6248920765243
-75.2513025780822
-74.8795586241026
-74.5096510975358
-74.1415709263700
-73.7753090834106
-73.4108565860564
-73.0482044960814
-72.6873439194145
-72.3282660059216
-71.9709619491882
-71.6154229863043
-71.2616403976487
-70.9096055066754
-70.5593096797010
-70.2107443256925
-69.8639008960569
-69.5187708844318
-69.1753458264761
-68.8336172996632
-68.4935769230740
-68.1552163571911
-67.8185273036953
-67.4835015052601
-67.1501307453519
-66.8184068480260
-66.4883216777278
-66.1598671390919
-65.8330351767451
-65.5078177751072
-65.1842069581957
-64.8621947894298
-64.5417733714351
-64.2229348458512
-63.9056713931378
-63.5899752323832
-63.2758386211145
-62.9632538551059
-62.6522132681913
-62.3427092320752
-62.0347341561468
-61.7282804872926
-61.4233407097124
-61.1199073447333
-60.8179729506279
-60.5175301224314
-60.2185714917591
-59.9210897266268
-59.6250775312705
-59.3305276459676
-59.0374328468585
-58.7457859457700
-58.4555797900385
-58.1668072623347
-57.8794612804892
-57.5935347973193
-57.3090208004545
-57.0259123121666
-56.7442023891972
-56.4638841225879
-56.1849506375106
-55.9073950930991
-55.6312106822820
-55.3563906316140
-55.0829282011115
-54.8108166840865
-54.5400494069821
-54.2706197292092
-54.0025210429832
-53.7357467731623
-53.4702903770863
-53.2061453444156
-52.9433051969721
-52.6817634885798
-52.4215138049076
-52.1625497633111
-51.9048650126761
-51.6484532332635
-51.3933081365537
-51.1394234650928
-50.8867929923387
-50.6354105225086
-50.3852698904272
-50.1363649613754
-49.8886896309396
-49.6422378248625
-49.3970034988938
-49.1529806386415
-48.9101632594256
-48.6685454061301
-48.4281211530579
-48.1888846037845
-47.9508298910143
-47.7139511764361
-47.4782426505805
-47.2436985326765
-47.0103130705109
-46.7780805402861
-46.5469952464807
-46.3170515217092
-46.0882437265830
-45.8605662495726
-45.6340135068691
-45.4085799422483
-45.1842600269338
-44.9610482594615
-44.7389391655445
-44.5179272979395
-44.2980072363125
-44.0791735871060
-43.8614209834071
-43.6447440848153
-43.4291375773122
-43.2145961731306
-43.0011146106255
-42.7886876541436
-42.5773100938971
-42.3669767458337
-42.1576824515112
-41.9494220779700
-41.7421905176073
-41.5359826880522
-41.3307935320409
-41.1266180172929
-40.9234511363867
-40.7212879066382
-40.5201233699776
-40.3199525928284
-40.1207706659855
-39.9225727044963
-39.7253538475395
-39.5291092583067
-39.3338341238831
-39.1395236551301
-38.9461730865677
-38.7537776762572
-38.5623327056855
-38.3718334796490
-38.1822753261388
-37.9936535962255
-37.8059636639459
-37.6192009261889
-37.4333608025831
-37.2484387353842
-37.0644301893632
-36.8813306516957
-36.6991356318505
-36.5178406614797
-36.3374412943092
-36.1579331060299
-35.9793116941886
-35.8015726780806
-35.6247116986420
-35.4487244183426
-35.2736065210799
-35.0993537120732
-34.9259617177580
-34.7534262856812
-34.5817431843974
-34.4109082033642
-34.2409171528397
-34.0717658637795
-33.9034501877341
-33.7359659967480
-33.5693091832572
-33.4034756599899
-33.2384613598651
-33.0742622358937
-32.9108742610786
-32.7482934283163
-32.5865157502981
-32.4255372594134
-32.2653540076514
-32.1059620665045
-31.9473575268722
-31.7895364989652
-31.6324951122097
-31.4762295151525
-31.3207358753672
-31.1660103793591
-31.0120492324729
-30.8588486587987
-30.7064049010795
-30.5547142206198
-30.4037728971929
-30.2535772289505
-30.1041235323313
-29.9554081419711
-29.8074274106125
-29.6601777090158
-29.5136554258700
-29.3678569677038
-29.2227787587979
-29.0784172410972
-28.9347688741235
-28.7918301348886
-28.6495975178082
-28.5080675346154
-28.3672367142757
-28.2271016029015
-28.0876587636675
-27.9489047767266
-27.8108362391255
-27.6734497647221
-27.5367419841016
-27.4007095444942
-27.2653491096930
-27.1306573599720
-26.9966309920049
-26.8632667187837
-26.7305612695386
-26.5985113896575
-26.4671138406058
-26.3363653998478
-26.2062628607672
-26.0768030325882
-25.9479827402976
-25.8197988245672
-25.6922481416756
-25.5653275634317
-25.4390339770978
-25.3133642853129
-25.1883154060174
-25.0638842723772
-24.9400678327081
-24.8168630504017
-24.6942669038505
-24.5722763863735
-24.4508885061432
-24.3301002861116
-24.2099087639375
-24.0903109919138
-23.9713040368950
-23.8528849802255
-23.7350509176682
-23.6177989593327
-23.5011262296048
-23.3850298670762
-23.2695070244736
-23.1545548685898
-23.0401705802134
-22.9263513540601
-22.8130943987039
-22.7003969365083
-22.5882562035587
-22.4766694495941
-22.3656339379399
-22.2551469454411
-22.1452057623946
-22.0358076924838
-21.9269500527118
-21.8186301733358
-21.7108453978016
-21.6035930826784
-21.4968705975943
-21.3906753251712
-21.2850046609612
-21.1798560133822
-21.0752268036549
-20.9711144657389
-20.8675164462705
-20.7644302044995
-20.6618532122270
-20.5597829537435
-20.4582169257676
-20.3571526373836
-20.2565876099813
-20.1565193771950
-20.0569454848428
-19.9578634908665
-19.8592709652717
-19.7611654900686
-19.6635446592119
-19.5664060785426
-19.4697473657287
-19.3735661502071
-19.2778600731253
-19.1826267872836
-19.0878639570777
-18.9935692584410
-18.8997403787881
-18.8063750169577
-18.7134708831564
-18.6210256989023
-18.5290371969697
-18.4375031213324
-18.3464212271097
-18.2557892805101
-18.1656050587777
-18.0758663501366
-17.9865709537375
-17.8977166796031
-17.8093013485746
-17.7213227922587
-17.6337788529737
-17.5466673836970
-17.4599862480124
-17.3737333200577
-17.2879064844725
-17.2025036363462
-17.1175226811668
-17.0329615347690
-16.9488181232836
-16.8650903830862
-16.7817762607468
-16.6988737129794
-16.6163807065919
-16.5342952184364
-16.4526152353592
-16.3713387541517
-16.2904637815013
-16.2099883339423
-16.1299104378075
-16.0502281291796
-15.9709394538432
-15.8920424672367
-15.8135352344048
-15.7354158299508
-15.6576823379897
-15.5803328521008
-15.5033654752814
-15.4267783199001
-15.3505695076501
-15.2747371695039
-15.1992794456669
-15.1241944855318
-15.0494804476336
-14.9751354996041
-14.9011578181271
-14.8275455888935
-14.7542970065570
-14.6814102746900
-14.6088836057391
-14.5367152209813
-14.4649033504810
-14.3934462330457
-14.3223421161835
-14.2515892560598
-14.1811859174547
-14.1111303737200
-14.0414209067378
-13.9720558068771
-13.9030333729530
-13.8343519121842
-13.7660097401522
-13.6980051807592
-13.6303365661874
-13.5630022368583
-13.4960005413916
-13.4293298365650
-13.3629884872736
-13.2969748664901
-13.2312873552249
-13.1659243424859
-13.1008842252396
-13.0361654083715
-12.9717663046470
-12.9076853346726
-12.8439209268568
-12.7804715173721
-12.7173355501161
-12.6545114766739
-12.5919977562795