-855.245594576281
-945.486601363426
-1016.710599183518
-1095.548491405438
-1176.591429548522
-1255.760548629731
-1330.119681662874
-1397.692046081151
-1457.287087949751
-1508.341650670973
-1550.777979889825
-1584.879755415199
-1611.186318810569
-1630.404503991846
-1643.336939444271
-1650.825337518610
-1653.707084045634
-1652.783358689698
-1648.797025065205
-1642.418605399638
-1634.238776884018
-1624.765978788577
-1614.427887209022
-1603.575687185630
-1592.490241757920
-1581.389418387631
-1570.435981104909
-1559.745589263432
-1549.394559735363
-1539.427148505763
-1529.862190432426
-1520.699003428883
-1511.922516852563
-1503.507624982811
-1495.422796784918
-1487.632994306023
-1480.101965600337
-1472.793985489241
-1465.675120041707
-1458.714089574523
-1451.882801221425
-1445.156616551347
-1438.514413023106
-1431.938490805769
-1425.414369103848
-1418.930508930802
-1412.477992505577
-1406.050183260000
-1399.642384931720
-1393.251513418696
-1386.875790989325
-1380.514469050493
-1374.167582927086
-1367.835739941052
-1361.519940428434
-1355.221430129326
-1348.941581558514
-1342.681801448489
-1336.443461089850
-1330.227846322561
-1324.036124006549
-1317.869321980535
-1311.728319769170
-1305.613847591902
-1299.526491539946
-1293.466703103142
-1287.434811532707
-1281.431037810362
-1275.455509252766
-1269.508274009257
-1263.589314909288
-1257.698562283826
-1251.835905523762
-1246.001203250169
-1240.194292058701
-1234.414993866518
-1228.663121937752
-1222.938485695729
-1217.240894449671
-1211.570160172958
-1205.926099471542
-1200.308534876756
-1194.717295588243
-1189.152217781560
-1183.613144582101
-1178.099925793636
-1172.612417456236
-1167.150481295588
-1161.713984113716
-1156.302797160366
-1150.916795514759
-1145.555857499308
-1140.219864139946
-1134.908698681991
-1129.622246166049
-1124.360393064848
-1119.123026979274
-1113.910036389985
-1108.721310459787
-1103.556738881141
-1098.416211762953
-1093.299619550708
-1088.206852974239
-1083.137803017959
-1078.092360908680
-1073.070418116811
-1068.071866367347
-1063.096597657475
-1058.144504278394
-1053.215478839176
-1048.309414291198
-1043.426203951874
-1038.565741526912
-1033.727921130445
-1028.912637302754
-1024.119785025436
-1019.349259733946
-1014.600957327690
-1009.874774177766
-1005.170607132586
-1000.488353521685
-995.827911157863
-991.189178337985
-986.572053842679
-981.976436935111
-977.402227359058
-972.849325336487
-968.317631564712
-963.807047213339
-959.317473921052
-954.848813792335
-950.400969394200
-945.973843752947
-941.567340351032
-937.181363124021
-932.815816457659
-928.470605185067
-924.145634584055
-919.840810374553
-915.556038716141
-911.291226205705
-907.046279875131
-902.821107189126
-898.615616043070
-894.429714760942
-890.263312093291
-886.116317215231
-881.988639724475
-877.880189639412
-873.790877397162
-869.720613851689
-865.669310271893
-861.636878339736
-857.623230148352
-853.628278200189
-849.651935405117
-845.694115078586
-841.754730939759
-837.833697109648
-833.930928109280
-830.046338857832
-826.179844670800
-822.331361258159
-818.500804722534
-814.688091557376
-810.893138645135
-807.115863255466
-803.356183043409
-799.614016047602
-795.889280688501
-792.181895766578
-788.491780460564
-784.818854325684
-781.163037291899
-777.524249662159
-773.902412110661
-770.297445681120
-766.709271785048
-763.137812200039
-759.582989068066
-756.044724893773
-752.522942542792
-749.017565240062
-745.528516568151
-742.055720465591
-738.599101225218
-735.158583492532
-731.734092264038
-728.325552885622
-724.932891050918
-721.556032799693
-718.194904516230
-714.849432927729
-711.519545102704
-708.205168449396
-704.906230714190
-701.622659980042
-698.354384664904
-695.101333520176
-691.863435629139
-688.640620405420
-685.432817591450
-682.239957256925
-679.061969797295
-675.898785932236
-672.750336704145
-669.616553476631
-666.497367933028
-663.392712074898
-660.302518220551
-657.226719003567
-654.165247371338
-651.118036583586
-648.085020210934
-645.066132133433
-642.061306539137
-639.070477922663
-636.093581083759
-633.130551125891
-630.181323454823
-627.245833777209
-624.324018099192
-621.415812725009
-618.521154255605
-615.639979587244
-612.772225910138
-609.917830707080
-607.076731752075
-604.248867108994
-601.434175130211
-598.632594455266
-595.844064009525
-593.068523002852
-590.305910928281
-587.556167560697
-584.819232955521
-582.095047447414
-579.383551648960
-576.684686449382
-573.998393013251
-571.324612779201
-568.663287458658
-566.014359034563
-563.377769760114
-560.753462157501
-558.141379016654
-555.541463393998
-552.953658611209
-550.377908253981
-547.814156170799
-545.262346471706
-542.722423527091
-540.194331966477
-537.678016677308
-535.173422803758
-532.680495745521
-530.199181156633
-527.729424944280
-525.271173267623
-522.824372536624
-520.388969410870
-517.964910798424
-515.552143854658
-513.150615981097
-510.760274824288
-508.381068274643
-506.012944465308
-503.655851771037
-501.309738807067
-498.974554427985
-496.650247726624
-494.336768032955
-492.034064912975
-489.742088167613
-487.460787831628
-485.190114172537
-482.930017689507
-480.680449112295
-478.441359400163
-476.212699740817
-473.994421549335
-471.786476467116
-469.588816360818
-467.401393321312
-465.224159662639
-463.057067920969
-460.900070853565
-458.753121437757
-456.616172869911
-454.489178564417
-452.372092152665
-450.264867482037
-448.167458614902
-446.079819827618
-444.001905609527
-441.933670661966
-439.875069897288
-437.826058437865
-435.786591615116
-433.756624968539
-431.736114244733
-429.725015396435
-427.723284581567
-425.730878162267
-423.747752703952
-421.773864974363
-419.809171942620
-417.853630778297
-415.907198850467
-413.969833726796
-412.041493172601
-410.122135149936
-408.211717816675
-406.310199525599
-404.417538823490
-402.533694450226
-400.658625337882
-398.792290609831
-396.934649579859
-395.085661751275
-393.245286816026
-391.413484653823
-389.590215331263
-387.775439100960
-385.969116400676
-384.171207852465
-382.381674261806
-380.600476616752
-378.827576087084
-377.062934023459
-375.306511956565
-373.558271596293
-371.818174830891
-370.086183726140
-368.362260524522
-366.646367644404
-364.938467679214
-363.238523396623
-361.546497737739
-359.862353816295
-358.186054917846
-356.517564498970
-354.856846186470
-353.203863776582
-351.558581234185
-349.920962692014
-348.290972449883
-346.668574973900
-345.053734895699
-343.446417011661
-341.846586282155
-340.254207830771
-338.669246943557
-337.091669068264
-335.521439813595
-333.958524948452
-332.402890401192
-330.854502258882
-329.313326766564
-327.779330326514
-326.252479497511
-324.732740994111
-323.220081685916
-321.714468596859
-320.215868904479
-318.724249939206
-317.239579183652
-315.761824271900
-314.290952988798
-312.826933269260
-311.369733197563
-309.919321006651
-308.475665077446
-307.038733938157
-305.608496263595
-304.184920874487
-302.767976736798
-301.357632961056
-299.953858801676
-298.556623656292
-297.165897065090
-295.781648710141
-294.403848414741
-293.032466142757
-291.667471997967
-290.308836223413
-288.956529200745
-287.610521449587
-286.270783626882
-284.937286526262
-283.610001077403
-282.288898345398
-280.973949530122
-279.665125965609
-278.362399119419
-277.065740592025
-275.775122116188
-274.490515556342
-273.211892907982
-271.939226297053
-270.672487979341
-269.411650339870
-268.156685892298
-266.907567278321
-265.664267267072
-264.426758754531
-263.195014762934
-261.969008440182
-260.748713059259
-259.534102017648
-258.325148836749
-257.121827161305
-255.924110758827
-254.731973519020
-253.545389453217
-252.364332693808
-251.188777493680
-250.018698225655
-248.854069381929
-247.694865573518
-246.541061529705
-245.392632097488
-244.249552241030
-243.111797041120
-241.979341694618
-240.852161513926
-239.730231926445
-238.613528474035
-237.502026812491
-236.395702711004
-235.294532051637
-234.198490828801
-233.107555148724
-232.021701228939
-230.940905397762
-229.865144093772
-228.794393865305
-227.728631369936
-226.667833373974
-225.611976751955
-224.561038486135
-223.514995665993
-222.473825487727
-221.437505253762
-220.406012372249
-219.379324356577
-218.357418824880
-217.340273499552
-216.327866206759
-215.320174875958
-214.317177539411
-213.318852331712
-212.325177489307
-211.336131350020
-210.351692352581
-209.371839036157
-208.396550039881
-207.425804102392
-206.459580061364
-205.497856853050
-204.540613511823
-203.587829169716
-202.639483055968
-201.695554496573
-200.756022913827
-199.820867825880
-198.890068846292
-197.963605683584
-197.041458140799
-196.123606115060
-195.210029597135
-194.300708670996
-193.395623513388
-192.494754393394
-191.598081672012
-190.705585801717
-189.817247326040
-188.933046879145
-188.052965185406
-187.176983058984
-186.305081403413
-185.437241211178
-184.573443563309
-183.713669628959
-182.857900665000
-182.006118015614
-181.158303111884
-180.314437471391
-179.474502697807
-178.638480480501
-177.806352594134
-176.978100898263
-176.153707336948
-175.333153938355
-174.516422814367
-173.703496160193
-172.894356253977
-172.088985456418
-171.287366210381
-170.489481040511
-169.695312552861
-168.904843434507
-168.118056453170
-167.334934456842
-166.555460373412
-165.779617210296
-165.007388054061
-164.238756070062
-163.473704502069
-162.712216671912
-161.954275979103
-161.199865900487
-160.448969989875
-159.701571877687
-158.957655270596
-158.217203951170
-157.480201777523
-156.746632682959
-156.016480675623
-155.289729838154
-154.566364327336
-153.846368373755
-153.129726281451
-152.416422427578
-151.706441262069
-150.999767307285
-150.296385157689
-149.596279479503
-148.899435010378
-148.205836559059
-147.515469005053
-146.828317298304
-146.144366458858
-145.463601576542
-144.786007810638
-144.111570389557
-143.440274610519
-142.772105839233
-142.107049509574
-141.445091123272
-140.786216249589
-140.130410525012
-139.477659652931
-138.827949403336
-138.181265612499
-137.537594182672
-136.896921081775
-136.259232343092
-135.624514064968
-134.992752410501
-134.363933607246
-133.738043946912
-133.115069785063
-132.494997540822
-131.877813696573
-131.263504797667
-130.652057452131
-130.043458330370
-129.437694164885
-128.834751749978
-128.234617941463
-127.637279656384
-127.042723872727
-126.450937629137
-125.861908024634
-125.275622218335
-124.692067429170
-124.111230935605
-123.533100075368
-122.957662245168
-122.384904900421
-121.814815554980
-121.247381780859
-120.682591207965
-120.120431523826
-119.560890473324
-119.003955858427
-118.449615537923
-117.897857427158
-117.348669497767
-116.802039777417
-116.257956349545
-115.716407353095
-115.177380982264
-114.640865486242
-114.106849168954
-113.575320388811
-113.046267558449
-112.519679144481
-111.995543667246
-111.473849700555
-110.954585871445
-110.437740859930
-109.923303398755
-109.411262273149
-108.901606320582
-108.394324430519
-107.889405544183
-107.386838654308
-106.886612804903
-106.388717091010
-105.893140658470
-105.399872703684
-104.908902473378
-104.420219264368
-103.933812423329
-103.449671346557
-102.967785479747
-102.488144317753
-102.010737404367
-101.535554332087
-101.062584741889
-100.591818323005
-100.123244812696
-99.656853996029
-99.192635705652
-98.730579821577
-98.270676270953
-97.812915027853
-97.357286113052
-96.903779593808
-96.452385583649
-96.003094242156
-95.555895774748
-95.110780432469
-94.667738511773
-94.226760354319
-93.787836346751
-93.350956920499
-92.916112551561
-92.483293760302
-92.052491111241
-91.623695212854
-91.196896717361
-90.772086320526
-90.349254761455
-89.928392822391
-89.509491328515
-89.092541147748
-88.677533190546
-88.264458409710
-87.853307800181
-87.444072398849
-87.036743284355
-86.631311576896
-86.227768438034
-85.826105070503
-85.426312718012
-85.028382665064
-84.632306236755
-84.238074798593
-83.845679756306
-83.455112555657
-83.066364682254
-82.679427661368
-82.294293057745
-81.910952475425
-81.529397557558
-81.149619986222
-80.771611482239
-80.395363804999
-80.020868752278
-79.648118160058
-79.277103902351
-78.907817891021
-78.540252075609
-78.174398443155
-77.810249018026
-77.447795861739
-77.087031072792
-76.727946786488
-76.370535174765
-76.014788446026
-75.660698844969
-75.308258652416
-74.957460185148
-74.608295795735
-74.260757872368
-73.914838838699
-73.570531153669
-73.227827311347
-72.886719840767
-72.547201305762
-72.209264304806
-71.872901470850
-71.538105471161
-71.204869007163
-70.873184814280
-70.543045661773
-70.214444352588
-69.887373723192
-69.561826643424
-69.237796016337
-68.915274778041
-68.594255897550
-68.274732376632
-67.956697249652
-67.640143583423
-67.325064477055
-67.011453061800
-66.699302500909
-66.388605989480
-66.079356754306
-65.771548053733
-65.465173177512
-65.160225446649
-64.856698213262
-64.554584860439
-64.253878802087
-63.954573482794
-63.656662377684
-63.360138992274
-63.064996862334
-62.771229553747
-62.478830662365
-62.187793813873
-61.898112663647
-61.609780896619
-61.322792227137
-61.037140398828
-60.752819184463
-60.469822385820
-60.188143833551
-59.907777387043
-59.628716934289
-59.350956391752
-59.074489704234
-58.799310844742
-58.525413814358
-58.252792642108
-57.981441384833
-57.711354127056
-57.442524980857
-57.174948085742
-56.908617608518
-56.643527743161
-56.379672710694
-56.117046759060
-55.855644162995
-55.595459223904
-55.336486269739
-55.078719654872
-54.822153759972
-54.566782991886
-54.312601783513
-54.059604593687
-53.807785907050
-53.557140233940
-53.307662110262
-53.059346097377
-52.812186781978
-52.566178775977
-52.321316716381
-52.077595265181
-51.835009109233
-51.593552960142
-51.353221554148
-51.114009652009
-50.875912038890
-50.638923524247
-50.403038941713
-50.168253148990
-49.934561027730
-49.701957483429
-49.470437445315
-49.239995866234
-49.010627722544
-48.782328014005
-48.555091763667
-48.328914017764
-48.103789845606
-47.879714339471
-47.656682614497
-47.434689808578
-47.213731082254
-46.993801618612
-46.774896623173
-46.557011323793
-46.340140970559
-46.124280835681
-45.909426213394
-45.695572419853
-45.482714793029
-45.270848692613
-45.059969499909
-44.850072617736
-44.641153470327
-44.433207503231
-44.226230183212
-44.020216998149
-43.815163456942
-43.611065089409
-43.407917446191
-43.205716098656
-43.004456638801
-42.804134679155
-42.604745852687
-42.406285812707
-42.208750232771
-42.012134806590
-41.816435247935
-41.621647290542
-41.427766688020
-41.234789213759
-41.042710660836
-40.851526841926
-40.661233589209
-40.471826754277
-40.283302208050
-40.095655840680
-39.908883561462
-39.722981298748
-39.537944999856
-39.353770630982
-39.170454177112
-38.987991641935
-38.806379047755
-38.625612435404
-38.445687864159
-38.266601411651
-38.088349173783
-37.910927264644
-37.734331816425
-37.558558979332
-37.383604921506
-37.209465828935
-37.036137905376
-36.863617372268
-36.691900468652
-36.520983451086
-36.350862593569
-36.181534187454
-36.012994541370
-35.845239981141
-35.678266849707
-35.512071507040
-35.346650330072
-35.181999712609
-35.018116065256
-34.854995815340
-34.692635406826
-34.531031300246
-34.370179972621
-34.210077917380
-34.050721644287
-33.892107679364
-33.734232564817
-33.577092858955
-33.420685136124
-33.265005986624
-33.110052016639
-32.955819848161
-32.802306118918
-32.649507482301
-32.497420607289
-32.346042178377
-32.195368895505
-32.045397473985
-31.896124644429
-31.747547152680
-31.599661759738
-31.452465241692
-31.305954389646
-31.160126009654
-31.014976922647
-30.870503964366
-30.726703985289
-30.583573850568
-30.441110439954
-30.299310647737
-30.158171382670
-30.017689567909
-29.877862140938
-29.738686053512
-29.600158271582
-29.462275775232
-29.325035558614
-29.188434629882
-29.052470011127
-28.917138738309
-28.782437861199
-28.648364443307
-28.514915561824
-28.382088307555
-28.249879784856
-28.118287111572
-27.987307418975
-27.856937851697
-27.727175567673
-27.598017738075
-27.469461547256
-27.341504192680
-27.214142884868
-27.087374847334
-26.961197316528
-26.835607541769
-26.710602785193
-26.586180321685
-26.462337438829
-26.339071436841
-26.216379628513
-26.094259339155
-25.972707906537
-25.851722680828
-25.731301024543
-25.611440312480
-25.492137931668
-25.373391281307
-25.255197772712
-25.137554829255
-25.020459886312
-24.903910391206
-24.787903803149
-24.672437593189
-24.557509244156
-24.443116250602
-24.329256118753
-24.215926366450
-24.103124523096
-23.990848129603
-23.879094738339
-23.767861913070
-23.657147228915
-23.546948272284
-23.437262640834
-23.328087943409
-23.219421799993
-23.111261841658
-23.003605710507
-22.896451059631
-22.789795553050
-22.683636865667
-22.577972683215
-22.472800702207
-22.368118629886
-22.263924184177
-22.160215093632
-22.056989097387
-21.954243945108
-21.851977396942
-21.750187223473
-21.648871205666
-21.548027134826
-21.447652812546
-21.347746050657
-21.248304671185
-21.149326506302
-21.050809398275
-20.952751199426
-20.855149772079
-20.758002988516
-20.661308730929
-20.565064891378
-20.469269371740
-20.373920083665
-20.279014948534
-20.184551897406
-20.090528870981
-19.996943819551
-19.903794702954
-19.811079490533
-19.718796161090
-19.626942702842
-19.535517113378
-19.444517399612
-19.353941577745
-19.263787673217
-19.174053720667
-19.084737763888
-18.995837855787
-18.907352058338
-18.819278442546
-18.731615088399
-18.644360084830
-18.557511529674
-18.471067529625
-18.385026200200
-18.299385665690
-18.214144059126
-18.129299522235
-18.044850205400
-17.960794267620
-17.877129876470
-17.793855208059
-17.710968446995
-17.628467786340
-17.546351427574
-17.464617580553
-17.383264463476
-17.302290302838
-17.221693333396
-17.141471798131
-17.061623948207
-16.982148042937
-16.903042349740
-16.824305144105
-16.745934709556
-16.667929337613
-16.590287327752
-16.513006987372
-16.436086631756
-16.359524584036
-16.283319175153
-16.207468743823
-16.131971636502
-16.056826207348
-15.982030818185
-15.907583838468
-15.833483645248
-15.759728623135
-15.686317164264
-15.613247668261
-15.540518542205
-15.468128200597
-15.396075065321
-15.324357565614
-15.252974138029
-15.181923226403
-15.111203281821
-15.040812762583
-14.970750134171
-14.901013869214
-14.831602447456
-14.762514355725
-14.693748087894
-14.625302144854
-14.557175034478
-14.489365271592
-14.421871377936
-14.354691882140
-14.287825319685
-14.221270232876
-14.155025170807
-14.089088689331
-14.023459351028
-13.958135725174
-13.893116387709
-13.828399921207
-13.763984914844
-13.699869964369
-13.636053672070
-13.572534646749
-13.509311503686
-13.446382864612
-13.383747357678
-13.321403617426
-13.259350284757
-13.197586006905
-13.136109437404
-13.074919236060
-13.014014068923
-12.953392608255
-12.893053532504
-12.832995526275
-12.773217280298
-12.713717491403
-12.654494862491
-12.595548102504
-12.536875926398
-12.478477055117
-12.420350215559
-12.362494140557
-12.304907568843
-12.247589245026
-12.190537919562
-12.133752348729
-12.077231294597
-12.020973525003
-11.964977813524
-11.909242939448
-11.853767687752
-11.798550849072
-11.743591219676
-11.688887601440
-11.634438801821
-11.580243633833
-11.526300916016
-11.472609472415
-11.419168132552
-11.365975731404
-11.313031109371
-11.260333112257
-11.207880591242
-11.155672402858
-11.103707408961
-11.051984476712
-11.000502478546
-10.949260292153
-10.898256800448
-10.847490891554
-10.796961458767
-10.746667400545
-10.696607620472
-10.646781027241
-10.597186534630
-10.547823061475
-10.498689531648
-10.449784874035
-10.401108022512
-10.352657915918
-10.304433498039
-10.256433717578
-10.208657528137
-10.161103888192
-10.113771761069
-10.066660114925
-10.019767922723
-9.973094162209
-9.926637815893
-9.880397871022
-9.834373319562
-9.788563158174
-9.742966388195
-9.697582015611
-9.652409051039
-9.607446509705
-9.562693411424
-9.518148780573
-9.473811646078
-9.429681041384
-9.385756004443
-9.342035577684
-9.298518808000
-9.255204746721
-9.212092449598
-9.169180976780
-9.126469392794
-9.083956766523
-9.041642171190
-8.999524684334
-8.957603387789
-8.915877367670
-8.874345714344
-8.833007522421
-8.791861890723
-8.750907922273
-8.710144724273
-8.669571408080
-8.629187089193
-8.588990887233
-8.548981925918
-8.509159333050
-8.469522240495
-8.430069784159
-8.390801103978
-8.351715343891
-8.312811651825
-8.274089179677
-8.235547083294
-8.197184522457
-8.159000660858
-8.120994666087
-8.083165709609
-8.045512966751
-8.008035616681
-7.970732842389
-7.933603830673
-7.896647772116
-7.859863861075
-7.823251295658
-7.786809277707
-7.750537012784
-7.714433710152
-7.678498582755
-7.642730847205
-7.607129723764
-7.571694436323
-7.536424212391
-7.501318283074
-7.466375883061
-7.431596250605
-7.396978627508
-7.362522259102
-7.328226394236
-7.294090285258
-7.260113187999
-7.226294361754
-7.192633069272
-7.159128576733
-7.125780153737
-7.092587073287
-7.059548611770
-7.026664048945
-6.993932667928
-6.961353755170
-6.928926600451
-6.896650496854
-6.864524740760
-6.832548631823
-6.800721472963
-6.769042570345
-6.737511233367
-6.706126774643
-6.674888509989
-6.643795758410
-6.612847842081
-6.582044086336
-6.551383819649
-6.520866373626
-6.490491082982
-6.460257285536
-6.430164322188
-6.400211536909
-6.370398276726
-6.340723891708
-6.311187734951
-6.281789162565
-6.252527533658
-6.223402210326
-6.194412557634
-6.165557943605
-6.136837739206
-6.108251318336
-6.079798057808
-6.051477337338
-6.023288539534
-5.995231049877
-5.967304256711
-5.939507551232
-5.911840327468
-5.884301982272
-5.856891915306
-5.829609529028
-5.802454228681
-5.775425422277
-5.748522520586
-5.721744937123
-5.695092088135
-5.668563392587
-5.642158272151
-5.615876151196
-5.589716456767
-5.563678618582
-5.537762069015
-5.511966243081
-5.486290578432
-5.460734515334
-5.435297496665
-5.409978967895
-5.384778377078
-5.359695174840
-5.334728814366
-5.309878751385
-5.285144444166
-5.260525353499
-5.236020942685
-5.211630677527
-5.187354026315
-5.163190459816
-5.139139451263
-5.115200476342
-5.091373013181
-5.067656542341
-5.044050546800
-5.020554511946
-4.997167925563
-4.973890277823
-4.950721061270
-4.927659770815
-4.904705903719
-4.881858959586
-4.859118440352
-4.836483850271
-4.813954695907
-4.791530486124
-4.769210732072
-4.746994947178
-4.724882647137
-4.702873349899
-4.680966575660
-4.659161846850
-4.637458688125
-4.615856626354
-4.594355190611
-4.572953912163
-4.551652324460
-4.530449963127
-4.509346365949
-4.488341072868
-4.467433625966
-4.446623569459
-4.425910449686
-4.405293815101
-4.384773216259
-4.364348205809
-4.344018338484
-4.323783171092
-4.303642262505
-4.283595173649
-4.263641467497
-4.243780709056
-4.224012465360
-4.204336305460
-4.184751800414
-4.165258523279
-4.145856049100
-4.126543954900
-4.107321819676
-4.088189224383
-4.069145751929
-4.050190987166
-4.031324516877
-4.012545929772
-3.993854816477
-3.975250769525
-3.956733383345
-3.938302254256
-3.919956980460
-3.901697162028
-3.883522400894
-3.865432300847
-3.847426467522
-3.829504508390
-3.811666032752
-3.793910651726
-3.776237978245
-3.758647627042
-3.741139214648
-3.723712359376
-3.706366681321
-3.689101802345
-3.671917346073
-3.654812937882
-3.637788204895
-3.620842775972
-3.603976281700
-3.587188354389
-3.570478628061
-3.553846738443
-3.537292322957
-3.520815020718
-3.504414472518
-3.488090320823
-3.471842209768
-3.455669785140
-3.439572694381
-3.423550586572
-3.407603112431
-3.391729924301
-3.375930676145
-3.360205023539
-3.344552623662
-3.328973135291
-3.313466218792
-3.298031536113
-3.282668750776
-3.267377527873
-3.252157534052
-3.237008437517
-3.221929908016
-3.206921616838
-3.191983236798
-3.177114442240
-3.162314909024
-3.147584314517
-3.132922337592
-3.118328658617
-3.103802959448
-3.089344923425
-3.074954235360
-3.060630581536
-3.046373649696
-3.032183129038
-3.018058710207
-3.004000085290
-2.990006947808
-2.976078992710
-2.962215916365
-2.948417416556
-2.934683192477
-2.921012944718
-2.907406375269
-2.893863187505
-2.880383086183
-2.866965777435
-2.853610968765
-2.840318369036
-2.827087688467
-2.813918638631
-2.800810932439
-2.787764284143
-2.774778409326
-2.761853024894
-2.748987849072
-2.736182601400
-2.723437002721
-2.710750775181
-2.698123642219
-2.685555328562
-2.673045560220
-2.660594064480
-2.648200569898
-2.635864806294
-2.623586504749
-2.611365397594
-2.599201218408
-2.587093702011
-2.575042584459
-2.563047603036
